[{"Seed":0,"Time":7,
"Input":{
    "Item1":[[0,55,20,55,90,44,97,27],[55,0,46,63,46,98,3,86],[20,46,0,67,31,81,84,99],[55,63,67,0,69,52,93,68],[90,46,31,69,0,8,18,45],[44,98,81,52,8,0,98,64],[97,3,84,93,18,98,0,3],[27,86,99,68,45,64,3,0]],
    "Item2":[0,29,99,3,54,29,76,38],
    "Item3":[34,95,50,71,11,27,90]},
    "Output":2147483647},
    {"Seed":1,"Time":0,"Input":{"Item1":[[0]],"Item2":[0],"Item3":[77,65,43]},"Output":0},{"Seed":2,"Time":0,"Input":{"Item1":[[0,98,10,30],[98,0,44,22],[10,44,0,76],[30,22,76,0]],"Item2":[0,80,1,2],"Item3":[0,51,38,27,70,23,73]},"Output":2147483647},{"Seed":3,"Time":0,"Input":{"Item1":[[0,19,56,18,25,94,34],[19,0,50,80,69,3,8],[56,50,0,12,85,75,47],[18,80,12,0,58,49,8],[25,69,85,58,0,45,51],[94,3,75,49,45,0,37],[34,8,47,8,51,37,0]],"Item2":[0,37,90,21,99,54,49],"Item3":[29,24,50]},"Output":2147483647},{"Seed":4,"Time":12,"Input":{"Item1":[[0,41,1,5,69,44,47,74,23],[41,0,38,55,78,52,54,47,78],[1,38,0,34,82,66,43,9,9],[5,55,34,0,16,65,30,66,50],[69,78,82,16,0,8,3,93,34],[44,52,66,65,8,0,2,22,57],[47,54,43,30,3,2,0,40,72],[74,47,9,66,93,22,40,0,31],[23,78,9,50,34,57,72,31,0]],"Item2":[0,59,86,37,90,10,82,1,69],"Item3":[51,53,74,87,52,52,30,99]},"Output":2147483647},{"Seed":5,"Time":0,"Input":{"Item1":[[0,62,46],[62,0,14],[46,14,0]],"Item2":[0,92,95],"Item3":[59,11,97,37]},"Output":2147483647},{"Seed":6,"Time":0,"Input":{"Item1":[[0,83,91,80,59,45],[83,0,48,71,15,75],[91,48,0,18,77,38],[80,71,18,0,83,63],[59,15,77,83,0,32],[45,75,38,63,32,0]],"Item2":[0,71,59,71,61,0],"Item3":[12,28,38,9,40,20,91,40]},"Output":2147483647},{"Seed":7,"Time":2,"Input":{"Item1":[[0,5,36,67,4,95,84,85],[5,0,93,44,11,88,40,80],[36,93,0,86,2,74,56,17],[67,44,86,0,38,2,95,2],[4,11,2,38,0,71,77,29],[95,88,74,2,71,0,16,8],[84,40,56,95,77,16,0,82],[85,80,17,2,29,8,82,0]],"Item2":[0,44,33,47,48,11,6,15],"Item3":[54,93,87,66]},"Output":229},{"Seed":8,"Time":0,"Input":{"Item1":[[0,26],[26,0]],"Item2":[0,81],"Item3":[55,49,45,96,22,18,71,13,63]},"Output":52},{"Seed":9,"Time":0,"Input":{"Item1":[[0,47,26,42,93],[47,0,9,59,92],[26,9,0,81,15],[42,59,81,0,65],[93,92,15,65,0]],"Item2":[0,95,49,28,64],"Item3":[57,92,79,1]},"Output":2147483647},{"Seed":10,"Time":0,"Input":{"Item1":[[0,69,72,29,38,45,21],[69,0,65,27,50,67,98],[72,65,0,6,19,94,18],[29,27,6,0,30,68,52],[38,50,19,30,0,95,53],[45,67,94,68,95,0,30],[21,98,18,52,53,30,0]],"Item2":[0,96,27,14,67,88,13],"Item3":[87,8,31,23,13,19,31,19,5]},"Output":2147483647},{"Seed":11,"Time":0,"Input":{"Item1":[[0]],"Item2":[0],"Item3":[90,17,17,83,96]},"Output":0},{"Seed":12,"Time":0,"Input":{"Item1":[[0,11,62,4],[11,0,46,46],[62,46,0,13],[4,46,13,0]],"Item2":[0,28,69,83],"Item3":[88,71,38,52,90,43,0,96,41]},"Output":154},{"Seed":13,"Time":0,"Input":{"Item1":[[0,33,7,91,73,96],[33,0,6,86,61,56],[7,6,0,8,14,32],[91,86,8,0,2,34],[73,61,14,2,0,3],[96,56,32,34,3,0]],"Item2":[0,58,23,5,54,18],"Item3":[57,97,88,11,74]},"Output":238},{"Seed":14,"Time":0,"Input":{"Item1":[[0,54,52,79,17,46,70,43,60],[54,0,25,75,78,77,74,67,5],[52,25,0,67,28,35,92,7,53],[79,75,67,0,36,41,35,35,14],[17,78,28,36,0,33,53,36,62],[46,77,35,41,33,0,74,90,25],[70,74,92,35,53,74,0,12,85],[43,67,7,35,36,90,12,0,12],[60,5,53,14,62,25,85,12,0]],"Item2":[0,39,73,97,92,92,60,28,10],"Item3":[67]},"Output":2147483647},{"Seed":15,"Time":0,"Input":{"Item1":[[0,75],[75,0]],"Item2":[0,97],"Item3":[66,62,96,83,80,34]},"Output":2147483647},{"Seed":16,"Time":0,"Input":{"Item1":[[0,97,42,54,7],[97,0,95,17,7],[42,95,0,63,79],[54,17,63,0,2],[7,7,79,2,0]],"Item2":[0,46,95,18,58],"Item3":[91]},"Output":2147483647},{"Seed":17,"Time":0,"Input":{"Item1":[[0,18,88,41,52,97,8,54],[18,0,73,31,31,88,64,0],[88,73,0,13,89,7,1,86],[41,31,13,0,36,46,55,22],[52,31,89,36,0,77,46,93],[97,88,7,46,77,0,41,57],[8,64,1,55,46,41,0,11],[54,0,86,22,93,57,11,0]],"Item2":[0,81,53,97,24,13,49,96],"Item3":[25,61,55,43,84,19]},"Output":2147483647},{"Seed":18,"Time":0,"Input":{"Item1":[[0]],"Item2":[0],"Item3":[40,33]},"Output":0},{"Seed":19,"Time":0,"Input":{"Item1":[[0,61,78,16],[61,0,97,32],[78,97,0,28],[16,32,28,0]],"Item2":[0,41,27,30],"Item3":[69,35,28,89,84,77]},"Output":244},{"Seed":20,"Time":0,"Input":{"Item1":[[0,82,23,3,86,47,45],[82,0,2,8,38,87,98],[23,2,0,26,39,21,5],[3,8,26,0,75,37,1],[86,38,39,75,0,38,12],[47,87,21,37,38,0,7],[45,98,5,1,12,7,0]],"Item2":[0,64,52,47,66,7,18],"Item3":[57,72]},"Output":2147483647},{"Seed":21,"Time":1,"Input":{"Item1":[[0,4,68,91,31,97,57,1,76],[4,0,6,39,68,14,68,1,24],[68,6,0,60,0,54,36,75,3],[91,39,60,0,69,34,99,93,98],[31,68,0,69,0,51,97,67,42],[97,14,54,34,51,0,93,88,62],[57,68,36,99,97,93,0,13,64],[1,1,75,93,67,88,13,0,28],[76,24,3,98,42,62,64,28,0]],"Item2":[0,86,44,98,74,69,55,97,48],"Item3":[78,19,99,84,18,88,76]},"Output":2147483647},{"Seed":22,"Time":0,"Input":{"Item1":[[0,25,13],[25,0,76],[13,76,0]],"Item2":[0,78,47],"Item3":[69,38]},"Output":2147483647},{"Seed":23,"Time":0,"Input":{"Item1":[[0,46,59,65,21,98],[46,0,75,23,42,44],[59,75,0,8,39,53],[65,23,8,0,29,22],[21,42,39,29,0,49],[98,44,53,22,49,0]],"Item2":[0,82,43,25,87,87],"Item3":[6,95,31,70,93,89,60]},"Output":462},{"Seed":24,"Time":0,"Input":{"Item1":[[0,68,4,53,65,48,94,12],[68,0,20,13,95,78,1,95],[4,20,0,32,60,0,73,4],[53,13,32,0,5,96,56,55],[65,95,60,5,0,40,4,77],[48,78,0,96,40,0,59,2],[94,1,73,56,4,59,0,91],[12,95,4,55,77,2,91,0]],"Item2":[0,97,87,41,17,94,80,73],"Item3":[45,58,92]},"Output":2147483647},{"Seed":25,"Time":0,"Input":{"Item1":[[0,89],[89,0]],"Item2":[0,49],"Item3":[40,10,98,7,49,71,98,81]},"Output":178},{"Seed":26,"Time":0,"Input":{"Item1":[[0,10,94,28,55],[10,0,19,86,44],[94,19,0,50,99],[28,86,50,0,26],[55,44,99,26,0]],"Item2":[0,48,76,18,79],"Item3":[11,38,38]},"Output":2147483647},{"Seed":27,"Time":0,"Input":{"Item1":[[0,32,39,15,0,98,31],[32,0,18,54,19,51,88],[39,18,0,21,73,40,76],[15,54,21,0,47,55,46],[0,19,73,47,0,89,14],[98,51,40,55,89,0,0],[31,88,76,46,14,0,0]],"Item2":[0,22,89,40,34,41,82],"Item3":[15,56,15,66,7,93,39,78]},"Output":2147483647},{"Seed":28,"Time":0,"Input":{"Item1":[[0]],"Item2":[0],"Item3":[53,84,2,45]},"Output":0},{"Seed":29,"Time":0,"Input":{"Item1":[[0,74,29],[74,0,89],[29,89,0]],"Item2":[0,90,99],"Item3":[56,96,65,10,56,55,28,14]},"Output":2147483647},{"Seed":30,"Time":0,"Input":{"Item1":[[0,96,75,77,34,49],[96,0,33,39,88,25],[75,33,0,98,76,47],[77,39,98,0,48,93],[34,88,76,48,0,20],[49,25,47,93,20,0]],"Item2":[0,68,7,59,80,6],"Item3":[51,64,82,72]},"Output":585},{"Seed":31,"Time":4,"Input":{"Item1":[[0,17,20,64,79,99,81,70,13],[17,0,94,59,68,39,89,21,51],[20,94,0,93,45,23,86,73,46],[64,59,93,0,89,10,4,63,61],[79,68,45,89,0,76,46,10,70],[99,39,23,10,76,0,65,55,30],[81,89,86,4,46,65,0,85,78],[70,21,73,63,10,55,85,0,9],[13,51,46,61,70,30,78,9,0]],"Item2":[0,66,31,58,76,50,32,25,88],"Item3":[94,17,31,1,69,14,80,40,46]},"Output":2147483647},{"Seed":32,"Time":0,"Input":{"Item1":[[0,38],[38,0]],"Item2":[0,65],"Item3":[52,24,49,93]},"Output":76},{"Seed":33,"Time":0,"Input":{"Item1":[[0,60,10,39,69],[60,0,6,44,60],[10,6,0,31,63],[39,44,31,0,63],[69,60,63,63,0]],"Item2":[0,99,23,8,73],"Item3":[45,57,9,20,94,56,56,93,75]},"Output":2147483647},{"Seed":34,"Time":0,"Input":{"Item1":[[0,81,55,27,13,49,18,81],[81,0,1,0,15,78,26,15],[55,1,0,59,47,33,18,73],[27,0,59,0,3,39,16,75],[13,15,47,3,0,46,73,40],[49,78,33,39,46,0,84,51],[18,26,18,16,73,84,0,19],[81,15,73,75,40,51,19,0]],"Item2":[0,34,7,91,93,96,23,55],"Item3":[16,26,60,16,57]},"Output":2147483647},{"Seed":35,"Time":0,"Input":{"Item1":[[0]],"Item2":[0],"Item3":[2]},"Output":0},{"Seed":36,"Time":0,"Input":{"Item1":[[0,24,45,1],[24,0,50,43],[45,50,0,81],[1,43,81,0]],"Item2":[0,3,54,57],"Item3":[38,19,18,51,99]},"Output":2147483647},{"Seed":37,"Time":0,"Input":{"Item1":[[0,45,91,89,48,0,55],[45,0,55,35,6,71,88],[91,55,0,41,93,67,64],[89,35,41,0,92,24,95],[48,6,93,92,0,32,74],[0,71,67,24,32,0,76],[55,88,64,95,74,76,0]],"Item2":[0,91,13,73,32,61,87],"Item3":[84]},"Output":2147483647},{"Seed":38,"Time":20,"Input":{"Item1":[[0,66,36,76,93,50,67,28,28],[66,0,75,23,58,76,83,55,70],[36,75,0,86,17,41,30,42,96],[76,23,86,0,23,4,68,21,46],[93,58,17,23,0,94,91,40,50],[50,76,41,4,94,0,85,53,67],[67,83,30,68,91,85,0,86,57],[28,55,42,21,40,53,86,0,25],[28,70,96,46,50,67,57,25,0]],"Item2":[0,13,2,60,57,27,27,94,26],"Item3":[5,85,24,82,84,23]},"Output":2147483647},{"Seed":39,"Time":0,"Input":{"Item1":[[0,88,81],[88,0,38],[81,38,0]],"Item2":[0,64,0],"Item3":[80]},"Output":207},{"Seed":40,"Time":0,"Input":{"Item1":[[0,9,26,51,82],[9,0,92,2,76],[26,92,0,13,27],[51,2,13,0,1],[82,76,27,1,0]],"Item2":[0,50,69,98,67],"Item3":[79,75,80,13,66,75]},"Output":2147483647},{"Seed":41,"Time":0,"Input":{"Item1":[[0,30,71,38,27,1,4,39],[30,0,47,81,79,68,63,9],[71,47,0,78,18,26,90,92],[38,81,78,0,71,89,18,9],[27,79,18,71,0,10,32,25],[1,68,26,89,10,0,1,95],[4,63,90,18,32,1,0,99],[39,9,92,9,25,95,99,0]],"Item2":[0,49,41,35,87,78,53,32],"Item3":[36,23]},"Output":2147483647},{"Seed":42,"Time":0,"Input":{"Item1":[[0,52],[52,0]],"Item2":[0,16],"Item3":[26,72,51,17,76,23,25]},"Output":104},{"Seed":43,"Time":0,"Input":{"Item1":[[0,73,61,13],[73,0,1,29],[61,1,0,97],[13,29,97,0]],"Item2":[0,17,13,3],"Item3":[19,84]},"Output":104},{"Seed":44,"Time":0,"Input":{"Item1":[[0,94,7,1,62,51,42],[94,0,70,81,88,36,78],[7,70,0,35,27,86,35],[1,81,35,0,64,42,40],[62,88,27,64,0,82,76],[51,36,86,42,82,0,70],[42,78,35,40,76,70,0]],"Item2":[0,49,50,66,1,95,51],"Item3":[43,4,99,9,0,66,47]},"Output":2147483647},{"Seed":45,"Time":0,"Input":{"Item1":[[0]],"Item2":[0],"Item3":[16,52,88]},"Output":0},{"Seed":46,"Time":0,"Input":{"Item1":[[0,37,97],[37,0,51],[97,51,0]],"Item2":[0,75,51],"Item3":[66,23,18,38,25,40,18]},"Output":2147483647},{"Seed":47,"Time":0,"Input":{"Item1":[[0,58,42,63,96,2],[58,0,60,91,16,94],[42,60,0,88,38,61],[63,91,88,0,94,51],[96,16,38,94,0,37],[2,94,61,51,37,0]],"Item2":[0,79,92,13,6,93],"Item3":[45,30,75]},"Output":2147483647},{"Seed":48,"Time":68,"Input":{"Item1":[[0,80,87,50,41,52,91,97,65],[80,0,63,44,58,0,3,75,97],[87,63,0,19,62,10,80,40,39],[50,44,19,0,42,80,73,90,9],[41,58,62,42,0,19,40,84,79],[52,0,10,80,19,0,56,21,35],[91,3,80,73,40,56,0,58,70],[97,75,40,90,84,21,58,0,6],[65,97,39,9,79,35,70,6,0]],"Item2":[0,94,90,20,59,9,5,21,66],"Item3":[20,83,56,98,35,50,26,80]},"Output":2147483647},{"Seed":49,"Time":0,"Input":{"Item1":[[0,1],[1,0]],"Item2":[0,32],"Item3":[37,86,2]},"Output":2},{"Seed":50,"Time":0,"Input":{"Item1":[[0,23,78,25,30],[23,0,16,71,12],[78,16,0,0,48],[25,71,0,0,25],[30,12,48,25,0]],"Item2":[0,52,50,98,88],"Item3":[99,3,67,46,11,44,49,60]},"Output":2147483647},{"Seed":51,"Time":0,"Input":{"Item1":[[0,44,23,12,75,2,28,8],[44,0,28,69,0,68,88,30],[23,28,0,5,6,59,36,61],[12,69,5,0,69,32,78,28],[75,0,6,69,0,15,1,88],[2,68,59,32,15,0,26,45],[28,88,36,78,1,26,0,27],[8,30,61,28,88,45,27,0]],"Item2":[0,86,61,84,63,80,97,13],"Item3":[7,91,65,88]},"Output":2147483647},{"Seed":52,"Time":0,"Input":{"Item1":[[0]],"Item2":[0],"Item3":[65,68,0,20,52,41,44,60,6]},"Output":0},{"Seed":53,"Time":0,"Input":{"Item1":[[0,87,13,87],[87,0,3,53],[13,3,0,33],[87,53,33,0]],"Item2":[0,65,81,84],"Item3":[6,4,8,12]},"Output":2147483647},{"Seed":54,"Time":0,"Input":{"Item1":[[0,8,58,74,10,53],[8,0,18,7,62,75],[58,18,0,78,75,56],[74,7,78,0,13,22],[10,62,75,13,0,9],[53,75,56,22,9,0]],"Item2":[0,65,56,47,99,11],"Item3":[89,99,25,36,14,46,57,12,67]},"Output":301},{"Seed":55,"Time":0,"Input":{"Item1":[[0,29,3,62,54,3,78,55,81],[29,0,44,8,48,37,98,9,16],[3,44,0,12,34,28,24,9,90],[62,8,12,0,76,73,37,49,94],[54,48,34,76,0,36,84,14,58],[3,37,28,73,36,0,76,18,72],[78,98,24,37,84,76,0,58,49],[55,9,9,49,14,18,58,0,22],[81,16,90,94,58,72,49,22,0]],"Item2":[0,40,61,22,41,86,99,90,4],"Item3":[31,51,49,79,50]},"Output":2147483647},{"Seed":56,"Time":0,"Input":{"Item1":[[0,51,48],[51,0,99],[48,99,0]],"Item2":[0,49,53],"Item3":[90,92,54,18,12,60,18,0,40]},"Output":198},{"Seed":57,"Time":0,"Input":{"Item1":[[0,72,94,37,44],[72,0,2,29,28],[94,2,0,81,12],[37,29,81,0,62],[44,28,12,62,0]],"Item2":[0,3,96,88,82],"Item3":[33,22,38,39,83]},"Output":2147483647},{"Seed":58,"Time":0,"Input":{"Item1":[[0,93,39,24,89,53,15,66],[93,0,74,50,64,58,25,24],[39,74,0,24,77,52,7,79],[24,50,24,0,38,83,80,62],[89,64,77,38,0,79,59,73],[53,58,52,83,79,0,44,89],[15,25,7,80,59,44,0,7],[66,24,79,62,73,89,7,0]],"Item2":[0,2,95,29,56,62,27,90],"Item3":[27]},"Output":2147483647},{"Seed":59,"Time":0,"Input":{"Item1":[[0,15],[15,0]],"Item2":[0,84],"Item3":[11,34,4,27,3]},"Output":2147483647},{"Seed":60,"Time":0,"Input":{"Item1":[[0,36,29,99],[36,0,54,40],[29,54,0,49],[99,40,49,0]],"Item2":[0,78,39,31],"Item3":[87]},"Output":2147483647},{"Seed":61,"Time":1,"Input":{"Item1":[[0,57,74,86,23,4,52],[57,0,23,9,56,20,68],[74,23,0,50,81,32,93],[86,9,50,0,81,30,34],[23,56,81,81,0,76,37],[4,20,32,30,76,0,39],[52,68,93,34,37,39,0]],"Item2":[0,76,12,92,67,48,20],"Item3":[70,52,82,51,94,40]},"Output":559},{"Seed":62,"Time":0,"Input":{"Item1":[[0]],"Item2":[0],"Item3":[79,19]},"Output":0},{"Seed":63,"Time":0,"Input":{"Item1":[[0,0,64],[0,0,13],[64,13,0]],"Item2":[0,61,4],"Item3":[77,50,70,65,94,24]},"Output":77},{"Seed":64,"Time":0,"Input":{"Item1":[[0,21,10,48,58,54],[21,0,87,44,43,62],[10,87,0,78,99,76],[48,44,78,0,40,9],[58,43,99,40,0,54],[54,62,76,9,54,0]],"Item2":[0,89,76,67,32,80],"Item3":[39,97]},"Output":2147483647},{"Seed":65,"Time":29,"Input":{"Item1":[[0,43,55,36,2,5,1,24,17],[43,0,31,28,48,62,18,29,43],[55,31,0,45,79,97,74,7,33],[36,28,45,0,96,50,42,18,57],[2,48,79,96,0,61,33,57,87],[5,62,97,50,61,0,47,86,40],[1,18,74,42,33,47,0,30,62],[24,29,7,18,57,86,30,0,3],[17,43,33,57,87,40,62,3,0]],"Item2":[0,21,48,81,43,67,77,17,45],"Item3":[47,49,81,96,1,85,73]},"Output":227},{"Seed":66,"Time":0,"Input":{"Item1":[[0,64],[64,0]],"Item2":[0,0],"Item3":[23,47]},"Output":128},{"Seed":67,"Time":0,"Input":{"Item1":[[0,85,45,11,92],[85,0,26,98,65],[45,26,0,69,32],[11,98,69,0,87],[92,65,32,87,0]],"Item2":[0,5,77,88,2],"Item3":[53,49,25,71,28,31,43]},"Output":2147483647},{"Seed":68,"Time":0,"Input":{"Item1":[[0,7,90,98,37,55,39],[7,0,38,55,37,84,58],[90,38,0,44,15,51,64],[98,55,44,0,53,48,78],[37,37,15,53,0,26,39],[55,84,51,48,26,0,32],[39,58,64,78,39,32,0]],"Item2":[0,34,49,85,36,82,84],"Item3":[29,36,64]},"Output":2147483647},{"Seed":69,"Time":0,"Input":{"Item1":[[0]],"Item2":[0],"Item3":[28,35,85,82,5,51,71]},"Output":0},{"Seed":70,"Time":0,"Input":{"Item1":[[0,49,81,73],[49,0,56,63],[81,56,0,86],[73,63,86,0]],"Item2":[0,26,8,11],"Item3":[75,88,98]},"Output":264},{"Seed":71,"Time":0,"Input":{"Item1":[[0,71,26,60,71,6],[71,0,45,59,89,44],[26,45,0,68,37,70],[60,59,68,0,59,80],[71,89,37,59,0,26],[6,44,70,80,26,0]],"Item2":[0,76,40,1,25,99],"Item3":[83,65,19,97,67,15,26,39]},"Output":2147483647},{"Seed":72,"Time":0,"Input":{"Item1":[[0,92,71,47,16,56,88,82,33],[92,0,12,92,38,99,12,63,62],[71,12,0,38,51,16,18,75,83],[47,92,38,0,29,43,6,76,41],[16,38,51,29,0,79,78,88,67],[56,99,16,43,79,0,67,83,77],[88,12,18,6,78,67,0,31,42],[82,63,75,76,88,83,31,0,20],[33,62,83,41,67,77,42,20,0]],"Item2":[0,67,19,83,25,44,71,86,83],"Item3":[58,18,73,77]},"Output":2147483647},{"Seed":73,"Time":0,"Input":{"Item1":[[0,13,16],[13,0,61],[16,61,0]],"Item2":[0,35,6],"Item3":[0,19,7,45,81,44,8,62]},"Output":58},{"Seed":74,"Time":0,"Input":{"Item1":[[0,35,61,22,6],[35,0,13,56,80],[61,13,0,50,96],[22,56,50,0,24],[6,80,96,24,0]],"Item2":[0,56,24,78,96],"Item3":[87,68,96,64]},"Output":248},{"Seed":75,"Time":27,"Input":{"Item1":[[0,56,6,10,51,6,25,93],[56,0,2,19,48,48,86,38],[6,2,0,70,35,78,24,66],[10,19,70,0,5,76,41,15],[51,48,35,5,0,48,87,20],[6,48,78,76,48,0,86,83],[25,86,24,41,87,86,0,15],[93,38,66,15,20,83,15,0]],"Item2":[0,54,49,23,26,45,1,49],"Item3":[18,54,8,55,2,76,44,84,85]},"Output":220},{"Seed":76,"Time":0,"Input":{"Item1":[[0,77],[77,0]],"Item2":[0,51],"Item3":[97,95,57,38]},"Output":154},{"Seed":77,"Time":0,"Input":{"Item1":[[0,99,97,84],[99,0,7,50],[97,7,0,2],[84,50,2,0]],"Item2":[0,40,66,58],"Item3":[56,52,87,11,23,73,76,12,4]},"Output":560},{"Seed":78,"Time":4,"Input":{"Item1":[[0,20,42,72,85,57,62],[20,0,75,36,25,4,57],[42,75,0,65,35,78,51],[72,36,65,0,98,17,28],[85,25,35,98,0,69,99],[57,4,78,17,69,0,9],[62,57,51,28,99,9,0]],"Item2":[0,3,74,18,34,1,89],"Item3":[98,99,66,94,87]},"Output":411},{"Seed":79,"Time":78,"Input":{"Item1":[[0,42,87,59,30,7,75,40,49],[42,0,94,56,27,36,7,97,81],[87,94,0,31,22,34,63,44,33],[59,56,31,0,63,36,70,35,26],[30,27,22,63,0,96,22,18,46],[7,36,34,36,96,0,87,81,15],[75,7,63,70,22,87,0,31,21],[40,97,44,35,18,81,31,0,36],[49,81,33,26,46,15,21,36,0]],"Item2":[0,14,90,85,6,21,66,55,21],"Item3":[69,86,66,58,32,3,58,1,76]},"Output":2147483647},{"Seed":80,"Time":0,"Input":{"Item1":[[0,63,32],[63,0,75],[32,75,0]],"Item2":[0,47,57],"Item3":[87,77,23,92,62]},"Output":190},{"Seed":81,"Time":0,"Input":{"Item1":[[0,84,77,34,19,7],[84,0,14,96,70,31],[77,14,0,67,61,91],[34,96,67,0,86,67],[19,70,61,86,0,72],[7,31,91,67,72,0]],"Item2":[0,99,61,21,57,68],"Item3":[32]},"Output":2147483647},{"Seed":82,"Time":0,"Input":{"Item1":[[0,6,22,21,64,58,12,51],[6,0,48,0,13,37,24,33],[22,48,0,89,6,71,96,85],[21,0,89,0,73,26,43,49],[64,13,6,73,0,12,45,5],[58,37,71,26,12,0,4,27],[12,24,96,43,45,4,0,95],[51,33,85,49,5,27,95,0]],"Item2":[0,70,83,67,19,27,31,26],"Item3":[38,51,45,49,3,55]},"Output":2147483647},{"Seed":83,"Time":0,"Input":{"Item1":[[0,27],[27,0]],"Item2":[0,67],"Item3":[9]},"Output":2147483647},{"Seed":84,"Time":0,"Input":{"Item1":[[0,48,13,96,54],[48,0,36,24,17],[13,36,0,37,17],[96,24,37,0,49],[54,17,17,49,0]],"Item2":[0,58,4,77,17],"Item3":[7,95,83,97,45,18]},"Output":265},{"Seed":85,"Time":0,"Input":{"Item1":[[0,70,58,84,99,8,49],[70,0,91,82,6,69,47],[58,91,0,59,69,97,22],[84,82,59,0,70,35,72],[99,6,69,70,0,19,1],[8,69,97,35,19,0,2],[49,47,22,72,1,2,0]],"Item2":[0,61,11,11,3,35,53],"Item3":[56,84]},"Output":2147483647},{"Seed":86,"Time":0,"Input":{"Item1":[[0]],"Item2":[0],"Item3":[91,3,71,43,58,61]},"Output":0},{"Seed":87,"Time":0,"Input":{"Item1":[[0,12,48,58],[12,0,8,74],[48,8,0,38],[58,74,38,0]],"Item2":[0,88,35,38],"Item3":[44,73]},"Output":2147483647},{"Seed":88,"Time":0,"Input":{"Item1":[[0,34,93,46,33,59],[34,0,72,12,17,12],[93,72,0,57,98,85],[46,12,57,0,5,38],[33,17,98,5,0,43],[59,12,85,38,43,0]],"Item2":[0,86,25,55,50,86],"Item3":[77,32,12,59,21,85,95]},"Output":2147483647},{"Seed":89,"Time":0,"Input":{"Item1":[[0,55,38,33,78,9,98,9,86],[55,0,81,77,27,61,27,17,8],[38,81,0,64,68,3,12,42,76],[33,77,64,0,83,12,75,4,89],[78,27,68,83,0,21,71,62,75],[9,61,3,12,21,0,58,49,83],[98,27,12,75,71,58,0,4,34],[9,17,42,4,62,49,4,0,17],[86,8,76,89,75,83,34,17,0]],"Item2":[0,95,77,45,8,3,44,83,61],"Item3":[85,84]},"Output":2147483647},{"Seed":90,"Time":0,"Input":{"Item1":[[0,76,83],[76,0,23],[83,23,0]],"Item2":[0,20,59],"Item3":[11,46,59,73,50,29,97]},"Output":182},{"Seed":91,"Time":0,"Input":{"Item1":[[0,98,29,8,67],[98,0,23,83,33],[29,23,0,19,81],[8,83,19,0,86],[67,33,81,86,0]],"Item2":[0,9,51,67,11],"Item3":[41,14,55]},"Output":2147483647},{"Seed":92,"Time":34,"Input":{"Item1":[[0,19,74,95,12,59,35,19],[19,0,29,87,33,37,48,53],[74,29,0,16,93,4,41,54],[95,87,16,0,71,69,3,69],[12,33,93,71,0,17,15,68],[59,37,4,69,17,0,29,76],[35,48,41,3,15,29,0,23],[19,53,54,69,68,76,23,0]],"Item2":[0,7,3,17,95,29,75,7],"Item3":[9,19,13,27,75,68,41,81]},"Output":2147483647},{"Seed":93,"Time":0,"Input":{"Item1":[[0]],"Item2":[0],"Item3":[40,19,83]},"Output":0},{"Seed":94,"Time":0,"Input":{"Item1":[[0,62,64,70],[62,0,60,60],[64,60,0,54],[70,60,54,0]],"Item2":[0,2,93,85],"Item3":[25,37,77,73,37,27,22,71]},"Output":2147483647},{"Seed":95,"Time":0,"Input":{"Item1":[[0,83,9,57,47,10,73],[83,0,28,63,94,89,47],[9,28,0,79,89,24,9],[57,63,79,0,15,4,22],[47,94,89,15,0,62,61],[10,89,24,4,62,0,78],[73,47,9,22,61,78,0]],"Item2":[0,30,35,43,1,55,59],"Item3":[25,47,49,37]},"Output":2147483647},{"Seed":96,"Time":27,"Input":{"Item1":[[0,4,54,45,91,60,85,67,1],[4,0,62,41,17,98,21,51,27],[54,62,0,57,40,21,56,10,27],[45,41,57,0,16,6,39,62,74],[91,17,40,16,0,39,16,92,55],[60,98,21,6,39,0,78,46,20],[85,21,56,39,16,78,0,4,13],[67,51,10,62,92,46,4,0,33],[1,27,27,74,55,20,13,33,0]],"Item2":[0,41,48,47,90,80,38,52,99],"Item3":[96,52,90,56,98,38,4,41]},"Output":2147483647},{"Seed":97,"Time":0,"Input":{"Item1":[[0,26,0],[26,0,36],[0,36,0]],"Item2":[0,32,10],"Item3":[97,4,75,19]},"Output":52},{"Seed":98,"Time":0,"Input":{"Item1":[[0,47,45,20,81,60],[47,0,41,49,97,0],[45,41,0,57,23,5],[20,49,57,0,33,26],[81,97,23,33,0,89],[60,0,5,26,89,0]],"Item2":[0,10,45,75,83,55],"Item3":[26,30,55,19,40,61,0,36,26]},"Output":2147483647},{"Seed":99,"Time":0,"Input":{"Item1":[[0,68,90,7,26,10,22,78],[68,0,75,69,97,27,85,47],[90,75,0,35,64,97,13,72],[7,69,35,0,40,20,5,2],[26,97,64,40,0,81,73,53],[10,27,97,20,81,0,47,21],[22,85,13,5,73,47,0,3],[78,47,72,2,53,21,3,0]],"Item2":[0,22,37,61,89,10,5,84],"Item3":[29,16,50,22,76]},"Output":2147483647}]